734156892
265893741
981247365
697381254
543729618
128465973
372614589
456938127
819572436

549236817
327518946
168794235
731459682
256183794
894627153
412975368
985362471
673841529

857623941
496185237
213974568
325417689
184596723
769832415
932761854
571248396
648359172

685379214
149582673
273416589
598764321
736251498
421938756
312695847
964827135
857143962

816239547
749561238
235487916
964812753
187395462
523746189
471628395
358974621
692153874

425971683
389265174
617834925
943628751
261597348
578143296
752416839
194382567
836759412

218653794
953741862
467298315
521367489
639824571
874519623
785132946
146975238
392486157

894576312
715324689
236198457
153287946
428659731
967413528
381765294
579842163
642931875

382956714
461287395
957431628
896125437
275643189
134798256
623879541
518364972
749512863

968723145
742159863
351468927
873615294
596284371
214397586
687532419
125946738
439871652

