872961453
369452781
514738629
628347915
491625837
753819264
935276148
247183596
186594372

872961453
369452781
514738629
628347915
791625834
453819267
935276148
247183596
186594372

872961453
369425781
514738629
628347915
791652834
453819267
935276148
247183596
186594372

872961453
369425781
514738629
628347915
791256834
453819267
935672148
247183596
186594372

872961453
369425781
514738629
628347915
491256837
753819264
935672148
247183596
186594372

872961453
369425781
514738629
628347915
491652837
753819264
935276148
247183596
186594372

