219834576
758269134
643751928
587142693
921683745
436597281
194375862
362918457
875426319

219834576
758269134
643751928
587142693
921683457
436597281
194375862
362918745
875426319

219834576
758269134
643751928
581642793
927183645
436597281
194375862
362918457
875426319

219834675
758269134
643751928
581642793
927183546
436597281
194375862
362918457
875426319

219834675
758269134
643751928
581642793
927183456
436597281
194375862
362918547
875426319

219834657
758269134
643751928
581642793
927183546
436597281
194375862
362918475
875426319

219834756
758269134
643751928
587142693
921683547
436597281
194375862
362918475
875426319

219834756
758269134
643751928
587142693
921683475
436597281
194375862
362918547
875426319

